0.00012427124667237018
0.00011178128329166924
9.543109930413425e-05
7.643368760455369e-05
5.445190765732504e-05
2.939912076127558e-05
5.886328116314968e-06
3.0014550092199952e-05
6.401491271752378e-05
0.00010084495516611005
0.00013957124923004945
0.00018163947076038362
0.00022604347092061396
0.00027315864691129424
0.00032277170812940246
0.0003743915906882084
0.0004287707179980216
0.00048467468421847717
0.0005424245120036316
0.0006022503317856172
0.00066405062431799
0.0007268838846117325
0.0007911397195565617
0.0008571029690680821
0.0009243753185100218
0.0009919143000551756
0.0010606513277973855
0.0011300662260065198
0.0012001927675838891
0.0012707327732339798
