0.00045109150260676104
0.0004990977680840599
0.0005584962956227523
0.0006291285383243436
0.0007108057529964403
0.0008033093753314537
0.0009063914412615099
0.0010197750483625318
0.001143154850772242
0.0012761975808223169
0.0014185425904641048
0.0015698024055854822
0.0017295632864654242
0.0018973857878811689
0.0020728053127562736
0.002255332653700407
0.002444454517326043
0.0026396340268153183
0.002840311198834935
0.0030459033915404047
0.003255805721057697
0.003469391444466013
0.0036860123079170944
0.003904998859104097
0.004125660723827591
0.004347286846891756
0.004569145697995779
0.004790485443660608
0.005010534086550327
0.0052284995738090855
